mdb001 1 600 535
mdb002 1 745 522
mdb003 0 -1 -1
mdb004 0 -1 -1
mdb005 1 892 477
mdb005 1 857 500
mdb006 0 -1 -1
mdb007 0 -1 -1
mdb008 0 -1 -1
mdb009 0 -1 -1
mdb010 1 600 525
mdb011 0 -1 -1
mdb012 1 567 471
mdb013 1 660 667
mdb014 0 -1 -1
mdb015 1 161 595
mdb016 0 -1 -1
mdb017 1 452 547
mdb018 0 -1 -1
mdb019 1 548 653
mdb020 0 -1 -1
mdb021 1 900 493
mdb022 0 -1 -1
mdb023 2 344 538
mdb024 0 -1 -1
mdb025 1 582 674
mdb026 0 -1 -1
mdb027 0 -1 -1
mdb028 2 711 338
mdb029 0 -1 -1
mdb030 1 349 322
mdb031 0 -1 -1
mdb032 1 283 388
mdb033 0 -1 -1
mdb034 0 -1 -1
mdb035 0 -1 -1
mdb036 0 -1 -1
mdb037 0 -1 -1
mdb038 0 -1 -1
mdb039 0 -1 -1
mdb040 0 -1 -1
mdb041 0 -1 -1
mdb042 0 -1 -1
mdb043 0 -1 -1
mdb044 0 -1 -1
mdb045 0 -1 -1
mdb046 0 -1 -1
mdb047 0 -1 -1
mdb048 0 -1 -1
mdb049 0 -1 -1
mdb050 0 -1 -1
mdb051 0 -1 -1
mdb052 0 -1 -1
mdb053 0 -1 -1
mdb054 0 -1 -1
mdb055 0 -1 -1
mdb056 0 -1 -1
mdb057 0 -1 -1
mdb058 2 666 318
mdb059 0 -1 -1
mdb060 0 -1 -1
mdb061 0 -1 -1
mdb062 0 -1 -1
mdb063 1 562 546
mdb064 0 -1 -1
mdb065 0 -1 -1
mdb066 0 -1 -1
mdb067 0 -1 -1
mdb068 0 -1 -1
mdb069 1 619 462
mdb070 0 -1 -1
mdb071 0 -1 -1
mdb072 2 508 266
mdb073 0 -1 -1
mdb074 0 -1 -1
mdb075 2 308 468
mdb076 0 -1 -1
mdb077 0 -1 -1
mdb078 0 -1 -1
mdb079 0 -1 -1
mdb080 1 876 432
mdb081 1 552 492
mdb082 0 -1 -1
mdb083 1 831 544
mdb084 0 -1 -1
mdb085 0 -1 -1
mdb086 0 -1 -1
mdb087 0 -1 -1
mdb088 0 -1 -1
mdb089 0 -1 -1
mdb090 2 478 510
mdb091 1 531 680
mdb092 2 363 423
mdb093 0 -1 -1
mdb094 0 -1 -1
mdb095 2 508 466
mdb096 0 -1 -1
mdb097 1 728 612
mdb098 0 -1 -1
mdb099 1 685 714
mdb100 0 -1 -1
mdb101 0 -1 -1
mdb102 2 565 415
mdb103 0 -1 -1
mdb104 1 660 357
mdb105 2 746 516
mdb106 0 -1 -1
mdb107 1 404 600
mdb108 0 -1 -1
mdb109 0 -1 -1
mdb110 2 598 190
mdb111 2 450 505
mdb112 0 -1 -1
mdb113 0 -1 -1
mdb114 0 -1 -1
mdb115 2 493 461
mdb116 0 -1 -1
mdb117 2 449 480
mdb118 0 -1 -1
mdb119 0 -1 -1
mdb120 2 763 423
mdb121 1 591 492
mdb122 0 -1 -1
mdb123 0 -1 -1
mdb124 2 405 366
mdb125 2 473 700
mdb126 1 476 191
mdb127 1 474 523
mdb128 0 -1 -1
mdb129 0 -1 -1
mdb130 2 473 220
mdb131 0 -1 -1
mdb132 1 237 252
mdb132 1 259 335
mdb133 0 -1 -1
mdb134 2 297 469
mdb135 0 -1 -1
mdb136 0 -1 -1
mdb137 0 -1 -1
mdb138 0 -1 -1
mdb139 0 -1 -1
mdb140 0 -1 -1
mdb141 2 266 470
mdb142 1 389 347
mdb143 0 -1 -1
mdb144 1 31 233
mdb144 2 485 313
mdb145 1 482 669
mdb146 0 -1 -1
mdb147 0 -1 -1
mdb148 2 418 326
mdb149 0 -1 -1
mdb150 1 364 351
mdb151 0 -1 -1
mdb152 1 539 675
mdb153 0 -1 -1
mdb154 0 -1 -1
mdb155 2 545 448
mdb156 0 -1 -1
mdb157 0 -1 -1
mdb158 2 460 540
mdb159 0 -1 -1
mdb160 1 506 536
mdb161 0 -1 -1
mdb162 0 -1 -1
mdb163 1 660 391
mdb164 0 -1 -1
mdb165 1 535 537
mdb166 0 -1 -1
mdb167 1 368 574
mdb168 0 -1 -1
mdb169 0 -1 -1
mdb170 2 545 489
mdb171 2 398 462
mdb172 0 -1 -1
mdb173 0 -1 -1
mdb174 0 -1 -1
mdb175 1 355 592
mdb176 0 -1 -1
mdb177 0 -1 -1
mdb178 2 425 492
mdb179 2 511 600
mdb180 0 -1 -1
mdb181 2 663 519
mdb182 0 -1 -1
mdb183 0 -1 -1
mdb184 2 401 352
mdb185 0 -1 -1
mdb186 2 501 403
mdb187 0 -1 -1
mdb188 1 408 406
mdb189 0 -1 -1
mdb190 1 404 512
mdb191 1 509 594
mdb192 0 -1 -1
mdb193 1 462 399
mdb194 0 -1 -1
mdb195 1 896 725
mdb196 0 -1 -1
mdb197 0 -1 -1
mdb198 1 413 568
mdb199 1 848 641
mdb200 0 -1 -1
mdb201 0 -1 -1
mdb202 2 253 557
mdb203 0 -1 -1
mdb204 1 626 336
mdb205 0 -1 -1
mdb206 2 825 368
mdb207 1 461 571
mdb208 0 -1 -1
mdb209 2 522 647
mdb210 0 -1 -1
mdb211 2 698 680
mdb212 0 -1 -1
mdb213 2 505 547
mdb214 0 -1 -1
mdb215 0 -1 -1
mdb216 0 -1 -1
mdb217 0 -1 -1
mdb218 1 396 519
mdb219 1 269 546
mdb220 0 -1 -1
mdb221 0 -1 -1
mdb222 1 598 398
mdb223 1 543 523
mdb223 1 496 591
mdb224 0 -1 -1
mdb225 0 -1 -1
mdb226 1 415 287
mdb226 1 475 329
mdb226 1 304 531
mdb227 1 558 504
mdb228 0 -1 -1
mdb229 0 -1 -1
mdb230 0 -1 -1
mdb231 2 487 603
mdb232 0 -1 -1
mdb233 0 -1 -1
mdb234 0 -1 -1
mdb235 0 -1 -1
mdb236 1 201 276
mdb237 0 -1 -1
mdb238 2 472 522
mdb239 2 270 645
mdb239 2 217 567
mdb240 1 411 643
mdb241 2 347 453
mdb242 0 -1 -1
mdb243 0 -1 -1
mdb244 1 458 466
mdb245 0 -1 -1
mdb246 0 -1 -1
mdb247 0 -1 -1
mdb248 1 424 378
mdb249 2 517 544
mdb249 2 386 575
mdb250 0 -1 -1
mdb251 0 -1 -1
mdb252 1 658 439
mdb253 2 461 733
mdb254 0 -1 -1
mdb255 0 -1 -1
mdb256 2 541 400
mdb257 0 -1 -1
mdb258 0 -1 -1
mdb259 0 -1 -1
mdb260 0 -1 -1
mdb261 0 -1 -1
mdb262 0 -1 -1
mdb263 0 -1 -1
mdb264 2 594 596
mdb265 2 527 593
mdb266 0 -1 -1
mdb267 2 544 793
mdb268 0 -1 -1
mdb269 0 -1 -1
mdb270 2 80 356
mdb271 2 755 784
mdb272 0 -1 -1
mdb273 0 -1 -1
mdb274 2 520 127
mdb275 0 -1 -1
mdb276 0 -1 -1
mdb277 0 -1 -1
mdb278 0 -1 -1
mdb279 0 -1 -1
mdb280 0 -1 -1
mdb281 0 -1 -1
mdb282 0 -1 -1
mdb283 0 -1 -1
mdb284 0 -1 -1
mdb285 0 -1 -1
mdb286 0 -1 -1
mdb287 0 -1 -1
mdb288 0 -1 -1
mdb289 0 -1 -1
mdb290 1 672 337
mdb291 0 -1 -1
mdb292 0 -1 -1
mdb293 0 -1 -1
mdb294 0 -1 -1
mdb295 0 -1 -1
mdb296 0 -1 -1
mdb297 0 -1 -1
mdb298 0 -1 -1
mdb299 0 -1 -1
mdb300 0 -1 -1
mdb301 0 -1 -1
mdb302 0 -1 -1
mdb303 0 -1 -1
mdb304 0 -1 -1
mdb305 0 -1 -1
mdb306 0 -1 -1
mdb307 0 -1 -1
mdb308 0 -1 -1
mdb309 0 -1 -1
mdb310 0 -1 -1
mdb311 0 -1 -1
mdb312 1 762 240
mdb313 0 -1 -1
mdb314 1 834 518
mdb315 1 578 516
mdb316 0 -1 -1
mdb317 0 -1 -1
mdb318 0 -1 -1
mdb319 0 -1 -1
mdb320 0 -1 -1
mdb321 0 -1 -1
mdb322 0 -1 -1
